3.561710119247436523e-01
4.746559560298919678e-01
5.303696170449256897e-02
1.192773580551147461e-01
1.988053768873214722e-01
2.236212342977523804e-01
2.773753404617309570e-01
6.048851460218429565e-02
3.799927532672882080e-01
3.453083932399749756e-01
1.623501032590866089e-01
1.215223968029022217e-01
1.442763656377792358e-01
6.228386759757995605e-01
1.185453757643699646e-01
4.723434150218963623e-01
1.244553849101066589e-01
3.614268898963928223e-01
1.631268709897994995e-01
1.613958925008773804e-01
1.771711409091949463e-01
7.895379066467285156e-01
1.990722417831420898e-01
2.853390015661716461e-02
7.244541645050048828e-01
2.761889100074768066e-01
6.739399582147598267e-02
5.364750027656555176e-01
1.648969799280166626e-01
8.116689324378967285e-01
4.392528906464576721e-02
8.799442648887634277e-01
2.760367691516876221e-01
4.137078225612640381e-01
1.243467256426811218e-01
2.218381315469741821e-01
3.377300128340721130e-02
9.734331369400024414e-01
5.973471403121948242e-01
6.415824890136718750e-01
4.125119447708129883e-01
2.289803475141525269e-01
3.011142835021018982e-02
3.725701272487640381e-01
6.797598600387573242e-01
1.694833487272262573e-01
5.689323544502258301e-01
4.915740787982940674e-01
4.457710683345794678e-01
6.882643103599548340e-01
2.584585249423980713e-01
2.931086421012878418e-01
9.300505518913269043e-01
3.510298207402229309e-02
7.296317815780639648e-01
1.433352231979370117e-01
2.256309539079666138e-01
3.661512136459350586e-01
2.887608706951141357e-01
3.597245514392852783e-01
6.176388263702392578e-02
9.657069295644760132e-02
3.690549731254577637e-02
8.093686401844024658e-02
2.583415806293487549e-01
6.955105066299438477e-02
1.871078908443450928e-01
1.033364012837409973e-01
3.860169351100921631e-01
7.808326482772827148e-01
2.774903550744056702e-02
1.023550108075141907e-01
2.547061070799827576e-02
1.143281832337379456e-01
5.174016952514648438e-01
6.353808641433715820e-01
8.021858334541320801e-02
6.729073077440261841e-02
2.670770883560180664e-01
4.148833751678466797e-01
3.757389783859252930e-01
2.875779271125793457e-01
4.042839705944061279e-01
3.759286701679229736e-01
2.898479402065277100e-01
1.511620134115219116e-01
4.489394724369049072e-01
1.932284235954284668e-01
2.118345350027084351e-01
9.868478029966354370e-02
2.828502357006072998e-01
4.573466628789901733e-02
1.430305242538452148e-01
1.109273582696914673e-01
2.316585779190063477e-01
8.023816347122192383e-01
6.043280959129333496e-01
7.019476294517517090e-01
2.262992411851882935e-01
3.194545507431030273e-01
4.029360711574554443e-01
8.710566759109497070e-01
2.173529714345932007e-01
2.187259644269943237e-01
8.977585434913635254e-01
5.350707173347473145e-01
2.787409722805023193e-01
1.305419802665710449e-01
4.385764598846435547e-01
6.964200735092163086e-01
3.696990013122558594e-01
1.572262048721313477e-01
6.475685536861419678e-02
4.503928497433662415e-02
2.654521353542804718e-02
6.692915409803390503e-02
1.134498715400695801e-01
6.496952176094055176e-01
2.180321514606475830e-01
2.377618849277496338e-01
8.656588941812515259e-02
1.755809038877487183e-01
6.319841146469116211e-01
1.329731792211532593e-01
2.441488951444625854e-02
2.557081878185272217e-01
9.009671807289123535e-01
1.609566062688827515e-01
1.205650866031646729e-01
3.057514131069183350e-01
6.207417845726013184e-01
3.724564313888549805e-01
4.383449852466583252e-01
7.287921011447906494e-02
2.209084033966064453e-01
6.246793270111083984e-01
2.306059002876281738e-01
4.004544019699096680e-01
1.599177867174148560e-01
1.405270248651504517e-01
4.594501256942749023e-01
2.547382712364196777e-01
1.404599193483591080e-02
8.396117091178894043e-01
6.969229578971862793e-01
4.565191566944122314e-01
2.624843120574951172e-01
1.686719655990600586e-01
2.863674759864807129e-01
1.735914796590805054e-01
1.546327918767929077e-01
7.627724111080169678e-02
6.666775792837142944e-02
4.153976738452911377e-01
2.067368626594543457e-01
1.961708068847656250e-01
3.512525931000709534e-02
3.971750140190124512e-01
2.472141832113265991e-01
5.848491191864013672e-01
7.684447169303894043e-01
3.419410437345504761e-02
4.210682511329650879e-01
2.490701973438262939e-01
6.659070849418640137e-01
6.159863471984863281e-01
4.530775845050811768e-01
3.099977970123291016e-02
3.339933156967163086e-01
2.038790285587310791e-01
5.833830833435058594e-01
6.990575194358825684e-01
1.695743948221206665e-01
2.486112294718623161e-03
5.286442637443542480e-01
7.644990086555480957e-01
1.978781074285507202e-01
7.246590405702590942e-02
1.548005491495132446e-01
2.146878466010093689e-02
9.063366800546646118e-02
2.016189843416213989e-01
2.006536126136779785e-01
1.040612980723381042e-01
5.490271449089050293e-01
5.743083357810974121e-01
5.487571284174919128e-02
6.218042969703674316e-01
2.768954336643218994e-01
9.730812162160873413e-02
4.792368412017822266e-02
6.729593873023986816e-01
3.657685965299606323e-02
2.900474965572357178e-01
2.565698027610778809e-01
4.590461254119873047e-01
6.126531362533569336e-01
1.794933676719665527e-01
2.123410254716873169e-01
4.236922562122344971e-01
7.073401808738708496e-01
5.889785885810852051e-01
5.328841209411621094e-01
3.362434208393096924e-01
2.519869804382324219e-01
9.467554688453674316e-01
4.258876144886016846e-01
3.690827637910842896e-02
3.945322036743164062e-01
7.058221101760864258e-01
7.925423979759216309e-02
1.583460271358489990e-01
1.033680438995361328e-01
3.186172246932983398e-02
8.886337280273437500e-01
1.174984648823738098e-01
7.942476868629455566e-02
7.809706777334213257e-02
1.266558170318603516e-01
8.512216806411743164e-01
2.690552547574043274e-02
2.035518735647201538e-01
3.581362366676330566e-01
9.450522065162658691e-02
4.626810848712921143e-01
2.931469678878784180e-01
2.981079220771789551e-01
1.254401057958602905e-01
3.264453113079071045e-01
5.514617562294006348e-01
3.789229393005371094e-01
2.817006409168243408e-01
3.138068020343780518e-01
2.468187808990478516e-01
1.520742028951644897e-01
2.118658274412155151e-01
4.186521768569946289e-01
4.864049553871154785e-01
1.172462329268455505e-01
2.281879484653472900e-01
3.892461657524108887e-01
3.093698322772979736e-01
1.892987936735153198e-01
6.616674065589904785e-01
4.669601097702980042e-02
1.057834699749946594e-01
7.641207426786422729e-02
2.501541078090667725e-01
9.050211310386657715e-01
2.331496477127075195e-01
2.126826159656047821e-02
2.534557282924652100e-01
2.284305691719055176e-01
9.245603084564208984e-01
9.132017493247985840e-01
1.852016150951385498e-01
7.160926610231399536e-02
7.873253822326660156e-01
7.176604270935058594e-01
2.316042631864547729e-01
2.548086047172546387e-01
3.153803050518035889e-01
3.873044550418853760e-01
2.143172547221183777e-02
8.946619927883148193e-02
4.290179908275604248e-01
1.623610109090805054e-01
6.763535737991333008e-02
3.902686834335327148e-01
7.644482254981994629e-01
4.272257685661315918e-01
1.876463592052459717e-01
2.523155212402343750e-01
1.970610767602920532e-01
4.232641458511352539e-01
2.221794426441192627e-01
1.595323979854583740e-01
5.398325324058532715e-01
1.193777769804000854e-01
1.349275857210159302e-01
4.379688799381256104e-01
9.700973629951477051e-01
2.638058960437774658e-01
2.291989773511886597e-01
4.498271644115447998e-02
5.438465476036071777e-01
1.645527482032775879e-01
3.395254015922546387e-01
8.128690719604492188e-02
