2.396371841430664062e+00
2.800309419631958008e+00
-5.330924987792968750e+00
-6.693544864654541016e+00
-1.323929876089096069e-01
-5.434073448181152344e+00
-4.826691150665283203e+00
-7.986070156097412109e+00
-3.218367099761962891e+00
5.323703289031982422e-01
-5.303635120391845703e+00
-5.951022148132324219e+00
-2.543770790100097656e+00
1.957658290863037109e+00
-6.884571075439453125e+00
1.361836865544319153e-02
-6.141079425811767578e+00
-2.229932546615600586e+00
-7.814664840698242188e+00
-3.028538227081298828e+00
-9.097337722778320312e+00
3.378026008605957031e+00
-6.063010215759277344e+00
-8.289506912231445312e+00
1.155320882797241211e+00
-8.154891967773437500e+00
-6.901861190795898438e+00
2.152661085128784180e+00
-1.466734886169433594e+00
1.843079090118408203e+00
-7.465424060821533203e+00
3.820229053497314453e+00
-4.617308139801025391e+00
-3.029390096664428711e+00
-7.247112274169921875e+00
-3.790835142135620117e+00
-8.285416603088378906e+00
8.019521713256835938e+00
3.426258325576782227e+00
-3.750998973846435547e+00
-7.165091991424560547e+00
-4.323982238769531250e+00
-6.728929042816162109e+00
-4.936855316162109375e+00
-2.591316223144531250e+00
-8.918518066406250000e+00
6.999007701873779297e+00
-7.800508022308349609e+00
-3.034467220306396484e+00
3.034164190292358398e+00
-4.139334678649902344e+00
-3.062101364135742188e+00
4.882702827453613281e+00
-9.418719291687011719e+00
3.674862384796142578e+00
-6.812273025512695312e+00
-4.504262924194335938e+00
-4.936855316162109375e+00
-5.868947505950927734e+00
2.363741099834442139e-01
-6.640535354614257812e+00
-6.191985607147216797e+00
-3.253822028636932373e-01
-9.719758033752441406e+00
-7.115438938140869141e+00
-7.270026683807373047e+00
-5.896370887756347656e+00
-7.270830631256103516e+00
-6.010344982147216797e+00
7.248741149902343750e+00
-7.972625255584716797e+00
-4.203290939331054688e+00
-9.851191520690917969e+00
-5.465714454650878906e+00
1.132562160491943359e+00
-6.922287940979003906e+00
-2.703727245330810547e+00
-7.388200759887695312e+00
-4.139622688293457031e+00
-7.923293709754943848e-01
-7.995386600494384766e+00
-4.087543010711669922e+00
-4.268752574920654297e+00
-2.852850675582885742e+00
-4.380473136901855469e+00
-5.660275220870971680e-01
5.279983520507812500e+00
-4.395120143890380859e+00
-5.152501106262207031e+00
-3.953171491622924805e+00
-3.079322099685668945e+00
-4.379866600036621094e+00
-7.191495895385742188e+00
-2.167653322219848633e+00
-1.030005514621734619e-03
7.916833162307739258e-01
1.271815180778503418e+00
1.572806596755981445e+00
-1.891716361045837402e+00
-3.111279010772705078e+00
-2.548847436904907227e+00
1.918057352304458618e-01
-7.539279937744140625e+00
-6.552750110626220703e+00
4.858214855194091797e+00
-9.798842668533325195e-01
1.749875783920288086e+00
-4.362476825714111328e+00
2.404400825500488281e+00
1.345138549804687500e+00
-6.925999641418457031e+00
-2.730381250381469727e+00
-1.857457995414733887e+00
-5.421544075012207031e+00
-7.380530357360839844e+00
-7.385226249694824219e+00
-4.110026836395263672e+00
-2.936734676361083984e+00
-8.719849586486816406e+00
-6.479195594787597656e+00
-6.004150867462158203e+00
-4.874427795410156250e+00
5.098079681396484375e+00
-2.381601572036743164e+00
-9.691417694091796875e+00
-7.670959949493408203e+00
7.275800704956054688e+00
-4.579957962036132812e+00
-3.810290336608886719e+00
-3.817471742630004883e+00
-4.680330753326416016e+00
-1.890043139457702637e+00
7.930815219879150391e-01
-3.304414749145507812e+00
-9.987674713134765625e+00
3.118284225463867188e+00
2.690286397933959961e+00
-3.562895059585571289e+00
-1.540568709373474121e+00
-3.905896186828613281e+00
-4.473928928375244141e+00
-8.161892890930175781e+00
-9.216345787048339844e+00
7.079710960388183594e+00
8.267421722412109375e-01
4.931779384613037109e+00
-4.455368518829345703e+00
-6.370588302612304688e+00
-3.780574083328247070e+00
-5.982483386993408203e+00
-5.004583835601806641e+00
-4.818036556243896484e+00
-6.505426883697509766e+00
6.912062764167785645e-01
-4.788224697113037109e+00
-4.698023796081542969e+00
-9.914753913879394531e+00
-5.221889019012451172e+00
-1.908409833908081055e+00
-1.587868571281433105e+00
1.469222187995910645e+00
-1.311164021492004395e+00
1.232791304588317871e+00
-7.468573570251464844e+00
6.594355106353759766e+00
1.959664225578308105e+00
2.820059299468994141e+00
-6.518141269683837891e+00
-2.757896661758422852e+00
-7.608171939849853516e+00
1.017989993095397949e+00
6.161883831024169922e+00
-7.033240795135498047e+00
-8.155437469482421875e+00
-4.097642898559570312e+00
-4.897882461547851562e+00
-6.394355297088623047e+00
-5.238487720489501953e+00
-7.681157112121582031e+00
-8.653532028198242188e+00
-5.720458984375000000e+00
-2.526677370071411133e+00
-1.166904687881469727e+00
-3.616494417190551758e+00
-6.299703121185302734e+00
-3.906477451324462891e+00
-7.771581649780273438e+00
-1.206771850585937500e+00
-1.903131484985351562e+00
-7.232610225677490234e+00
-5.030494689941406250e+00
3.339147567749023438e+00
-8.571634292602539062e+00
-1.491042852401733398e+00
-7.568999767303466797e+00
-2.012615948915481567e-01
1.604750633239746094e+00
-6.573106288909912109e+00
-7.046754360198974609e+00
-6.397402763366699219e+00
1.599364638328552246e+00
2.671440124511718750e+00
-1.864032626152038574e+00
-5.467137336730957031e+00
-2.485858201980590820e+00
6.473157405853271484e+00
-2.425323575735092163e-01
-1.066834354400634766e+01
2.385989665985107422e+00
-3.965966701507568359e+00
-8.582169532775878906e+00
-5.421010494232177734e+00
-4.941194534301757812e+00
-8.500944137573242188e+00
5.104602813720703125e+00
-1.008790683746337891e+01
-4.903871536254882812e+00
-2.600079298019409180e+00
-4.754165172576904297e+00
5.507180213928222656e+00
-8.397057533264160156e+00
-8.287986755371093750e+00
2.554352879524230957e-01
-8.944884300231933594e+00
1.194811463356018066e+00
-1.048953175544738770e+00
-3.474585771560668945e+00
-9.003154754638671875e+00
-5.141817569732666016e+00
-5.852967739105224609e+00
-2.230288505554199219e+00
-4.036468982696533203e+00
-8.771257996559143066e-01
-7.766139030456542969e+00
-5.169703960418701172e+00
-4.159210205078125000e+00
-6.623011112213134766e+00
4.624276161193847656e-01
-4.807917594909667969e+00
-7.376120090484619141e+00
-4.355225563049316406e+00
-6.196721553802490234e+00
-7.277295589447021484e+00
-1.757888942956924438e-01
-7.205429553985595703e+00
-4.355087757110595703e+00
-4.897448539733886719e+00
-4.637322902679443359e+00
3.404096126556396484e+00
-1.969800114631652832e+00
-5.120655536651611328e+00
-5.498654365539550781e+00
-2.727451801300048828e+00
7.992412090301513672e+00
6.564596176147460938e+00
-3.220327377319335938e+00
-5.992841243743896484e+00
5.349433422088623047e+00
3.330492496490478516e+00
4.598861694335937500e+00
-4.729987621307373047e+00
-3.455525636672973633e-01
2.080500125885009766e+00
-9.597228050231933594e+00
-8.025680541992187500e+00
-8.854747772216796875e+00
-3.339151859283447266e+00
-6.810961723327636719e+00
-4.409429073333740234e+00
5.438512325286865234e+00
-8.104338645935058594e+00
-6.291491508483886719e+00
-4.972891330718994141e+00
-5.860691070556640625e+00
-1.431415915489196777e+00
-3.756049871444702148e+00
-3.734631776809692383e+00
-3.298767566680908203e+00
-8.793956756591796875e+00
-2.672369003295898438e+00
-5.402727127075195312e+00
7.470155239105224609e+00
-5.029772758483886719e+00
-3.908172130584716797e+00
-3.942879438400268555e+00
-5.467732906341552734e+00
-8.970818519592285156e+00
-5.661293983459472656e+00
-4.856832027435302734e+00
